【注意】本程序只支持整数矩阵（元素皆为整数的矩阵）！

菜单：
0.关闭程序
1.行列式
2.矩阵乘法
3.矩阵求逆
4.矩阵求秩



计算样例：

——————————————————————
行列式：
一个3阶的矩阵A

【输入】
3
1 2 3 2 0 1 1 2 1

【输出】

矩阵A为：
1    2    3
2    0    1
1    2    1

计算得：det(A)=8


——————————————————————
矩阵乘法：

【输入】

输入矩阵A的行数和列数：2 3
输入矩阵B的行数和列数：3 2
输入矩阵A（从左到右，从上到下）：1 2 3 4 2 3
输入矩阵B（从左到右，从上到下）：5 1 7 0 1 8

【输出】

矩阵A为：
1    2    3
4    2    3
矩阵B为：
5    1
7    0
1    8
矩阵AB为：
22   25
37   28

——————————————————————
矩阵求逆：
一个3阶的矩阵A

【输入】
3
1 2 3 2 0 1 1 2 1

【输出】

矩阵A为：
1   2   3 
2   0   1 
1   2   1

矩阵A的逆矩阵为：
 0.500    0.000   -0.500
-0.750    0.500    0.750
 0.125   -0.250    0.375




——————————————————————
矩阵求秩：
一个4*4的矩阵A

【输入】
4 4
1 4 9 16 4 9 16 25 9 16 25 36 16 25 36 49

【输出】

矩阵A为：
 1   4   9  16
 4   9  16  25 
 9  16  25  36 
16  25  36  49

计算得：rank(A)=3